num_ret                  	  001	    95
num_rel                  	  001	    24
num_rel_ret              	  001	    24
P@5                      	  001	0,8000
P@10                     	  001	0,7000
P@15                     	  001	0,7333
P@20                     	  001	0,7000
P@30                     	  001	0,5333
P@50                     	  001	0,4200
P@100                    	  001	0,2400
P@200                    	  001	0,1200
P@500                    	  001	0,0480
R@5                      	  001	0,1667
R@10                     	  001	0,2917
R@15                     	  001	0,4583
R@20                     	  001	0,5833
R@30                     	  001	0,6667
R@50                     	  001	0,8750
R@100                    	  001	1,0000
R@200                    	  001	1,0000
R@500                    	  001	1,0000
iP@0,00                  	  001	0,8571
iP@0,10                  	  001	0,8571
iP@0,20                  	  001	0,8571
iP@0,30                  	  001	0,7692
iP@0,40                  	  001	0,7692
iP@0,50                  	  001	0,7647
iP@0,60                  	  001	0,6957
iP@0,70                  	  001	0,4762
iP@0,80                  	  001	0,4762
iP@0,90                  	  001	0,4151
iP@1,00                  	  001	0,3333
RP                       	  001	0,6667
RR                       	  001	0,5000
AP                       	  001	0,6287
nDCG@5                   	  001	0,5952
nDCG@10                  	  001	0,6017
nDCG@15                  	  001	0,6475
nDCG@20                  	  001	0,6403
nDCG@30                  	  001	0,6370
nDCG@50                  	  001	0,7469
nDCG@100                 	  001	0,8130
nDCG@200                 	  001	0,8130
nDCG@500                 	  001	0,8130

num_ret                  	  002	    76
num_rel                  	  002	    21
num_rel_ret              	  002	    19
P@5                      	  002	0,6000
P@10                     	  002	0,6000
P@15                     	  002	0,6667
P@20                     	  002	0,7500
P@30                     	  002	0,6000
P@50                     	  002	0,3800
P@100                    	  002	0,1900
P@200                    	  002	0,0950
P@500                    	  002	0,0380
R@5                      	  002	0,1429
R@10                     	  002	0,2857
R@15                     	  002	0,4762
R@20                     	  002	0,7143
R@30                     	  002	0,8571
R@50                     	  002	0,9048
R@100                    	  002	0,9048
R@200                    	  002	0,9048
R@500                    	  002	0,9048
iP@0,00                  	  002	0,7500
iP@0,10                  	  002	0,7500
iP@0,20                  	  002	0,7500
iP@0,30                  	  002	0,7500
iP@0,40                  	  002	0,7500
iP@0,50                  	  002	0,7500
iP@0,60                  	  002	0,7500
iP@0,70                  	  002	0,7500
iP@0,80                  	  002	0,7083
iP@0,90                  	  002	0,5588
iP@1,00                  	  002	0,0000
RP                       	  002	0,7143
RR                       	  002	0,5000
AP                       	  002	0,5854
nDCG@5                   	  002	0,3230
nDCG@10                  	  002	0,3774
nDCG@15                  	  002	0,4869
nDCG@20                  	  002	0,5860
nDCG@30                  	  002	0,6492
nDCG@50                  	  002	0,6665
nDCG@100                 	  002	0,6665
nDCG@200                 	  002	0,6665
nDCG@500                 	  002	0,6665

num_ret                  	  003	    95
num_rel                  	  003	    20
num_rel_ret              	  003	    20
P@5                      	  003	0,4000
P@10                     	  003	0,6000
P@15                     	  003	0,6667
P@20                     	  003	0,6500
P@30                     	  003	0,6000
P@50                     	  003	0,3600
P@100                    	  003	0,2000
P@200                    	  003	0,1000
P@500                    	  003	0,0400
R@5                      	  003	0,1000
R@10                     	  003	0,3000
R@15                     	  003	0,5000
R@20                     	  003	0,6500
R@30                     	  003	0,9000
R@50                     	  003	0,9000
R@100                    	  003	1,0000
R@200                    	  003	1,0000
R@500                    	  003	1,0000
iP@0,00                  	  003	0,7222
iP@0,10                  	  003	0,7222
iP@0,20                  	  003	0,7222
iP@0,30                  	  003	0,7222
iP@0,40                  	  003	0,7222
iP@0,50                  	  003	0,7222
iP@0,60                  	  003	0,7222
iP@0,70                  	  003	0,6667
iP@0,80                  	  003	0,6667
iP@0,90                  	  003	0,6000
iP@1,00                  	  003	0,2247
RP                       	  003	0,6500
RR                       	  003	0,5000
AP                       	  003	0,5824
nDCG@5                   	  003	0,3452
nDCG@10                  	  003	0,4416
nDCG@15                  	  003	0,5380
nDCG@20                  	  003	0,5864
nDCG@30                  	  003	0,6785
nDCG@50                  	  003	0,6785
nDCG@100                 	  003	0,7318
nDCG@200                 	  003	0,7318
nDCG@500                 	  003	0,7318

num_ret                  	  004	    96
num_rel                  	  004	    18
num_rel_ret              	  004	    17
P@5                      	  004	1,0000
P@10                     	  004	1,0000
P@15                     	  004	0,9333
P@20                     	  004	0,7000
P@30                     	  004	0,5000
P@50                     	  004	0,3000
P@100                    	  004	0,1700
P@200                    	  004	0,0850
P@500                    	  004	0,0340
R@5                      	  004	0,2778
R@10                     	  004	0,5556
R@15                     	  004	0,7778
R@20                     	  004	0,7778
R@30                     	  004	0,8333
R@50                     	  004	0,8333
R@100                    	  004	0,9444
R@200                    	  004	0,9444
R@500                    	  004	0,9444
iP@0,00                  	  004	1,0000
iP@0,10                  	  004	1,0000
iP@0,20                  	  004	1,0000
iP@0,30                  	  004	1,0000
iP@0,40                  	  004	1,0000
iP@0,50                  	  004	1,0000
iP@0,60                  	  004	1,0000
iP@0,70                  	  004	1,0000
iP@0,80                  	  004	0,7143
iP@0,90                  	  004	0,1868
iP@1,00                  	  004	0,0000
RP                       	  004	0,7778
RR                       	  004	1,0000
AP                       	  004	0,8378
nDCG@5                   	  004	0,6696
nDCG@10                  	  004	0,7849
nDCG@15                  	  004	0,8469
nDCG@20                  	  004	0,7852
nDCG@30                  	  004	0,8079
nDCG@50                  	  004	0,8079
nDCG@100                 	  004	0,8545
nDCG@200                 	  004	0,8545
nDCG@500                 	  004	0,8545

num_ret                  	  005	    88
num_rel                  	  005	    20
num_rel_ret              	  005	    18
P@5                      	  005	0,8000
P@10                     	  005	0,6000
P@15                     	  005	0,6667
P@20                     	  005	0,5500
P@30                     	  005	0,3667
P@50                     	  005	0,3000
P@100                    	  005	0,1800
P@200                    	  005	0,0900
P@500                    	  005	0,0360
R@5                      	  005	0,2000
R@10                     	  005	0,3000
R@15                     	  005	0,5000
R@20                     	  005	0,5500
R@30                     	  005	0,5500
R@50                     	  005	0,7500
R@100                    	  005	0,9000
R@200                    	  005	0,9000
R@500                    	  005	0,9000
iP@0,00                  	  005	1,0000
iP@0,10                  	  005	1,0000
iP@0,20                  	  005	0,8333
iP@0,30                  	  005	0,7143
iP@0,40                  	  005	0,7143
iP@0,50                  	  005	0,7143
iP@0,60                  	  005	0,3409
iP@0,70                  	  005	0,3409
iP@0,80                  	  005	0,2537
iP@0,90                  	  005	0,2143
iP@1,00                  	  005	0,0000
RP                       	  005	0,5500
RR                       	  005	1,0000
AP                       	  005	0,5154
nDCG@5                   	  005	0,5589
nDCG@10                  	  005	0,5242
nDCG@15                  	  005	0,6342
nDCG@20                  	  005	0,6045
nDCG@30                  	  005	0,6045
nDCG@50                  	  005	0,6820
nDCG@100                 	  005	0,7325
nDCG@200                 	  005	0,7325
nDCG@500                 	  005	0,7325

num_q                    	  all	     5
num_ret                  	  all	   450
num_rel                  	  all	   103
num_rel_ret              	  all	    98
P@5                      	  all	0,7200
P@10                     	  all	0,7000
P@15                     	  all	0,7333
P@20                     	  all	0,6700
P@30                     	  all	0,5200
P@50                     	  all	0,3520
P@100                    	  all	0,1960
P@200                    	  all	0,0980
P@500                    	  all	0,0392
R@5                      	  all	0,1775
R@10                     	  all	0,3466
R@15                     	  all	0,5425
R@20                     	  all	0,6551
R@30                     	  all	0,7614
R@50                     	  all	0,8526
R@100                    	  all	0,9498
R@200                    	  all	0,9498
R@500                    	  all	0,9498
iP@0,00                  	  all	0,8659
iP@0,10                  	  all	0,8659
iP@0,20                  	  all	0,8325
iP@0,30                  	  all	0,7911
iP@0,40                  	  all	0,7911
iP@0,50                  	  all	0,7902
iP@0,60                  	  all	0,7018
iP@0,70                  	  all	0,6468
iP@0,80                  	  all	0,5638
iP@0,90                  	  all	0,3950
iP@1,00                  	  all	0,1116
RP                       	  all	0,6717
RR                       	  all	0,7000
AP                       	  all	0,6299
nDCG@5                   	  all	0,4984
nDCG@10                  	  all	0,5460
nDCG@15                  	  all	0,6307
nDCG@20                  	  all	0,6405
nDCG@30                  	  all	0,6754
nDCG@50                  	  all	0,7164
nDCG@100                 	  all	0,7597
nDCG@200                 	  all	0,7597
nDCG@500                 	  all	0,7597


